Tree

94
95
96
98
100
101
102
103
104
105
106
107
108
109
110
111
112
113
114
116
117
124
129
144
145
173
199
222
226
230
235
236
257
337

Design

146
303
304
355

Topological Sort

207
210

Array

4
11
26  ?
27
33
34
35
41
42
45
53
55
56
57
75
80
81
88
118
119
121
122
152
153
162
169 ?
189
209
217
219
228
229
238
274
277
283
287
289
299
300
309
349
350
374
376

Bit Manipulation

89
136
268
338
389

LinkedList

2   *
19  *
21
23
24
25
61
82
83
86
92
141 *
142
143
147
148
160 *
203
206 *
234
237
328

BinarySearch

33
34
35
81
153
162
300
349
350
374

Union Find

261
323

Backtracking

17
31
39
40
46
47
60
77
78
90
93
216
377

DFS and BFS

51
52

Graph

133
310
399

Math

1   *
7
8
15
16
18
29
43
50
66
67
69
165
167
172
202
204
231
258
263
264
319
326
343
357
367
368
372
400

Dynamic Programming

10
44
62
63
64
70
72
85
91
120
139
198
213
221
279
322
375

String

3
5
6
9
12
13
14
20
22
28
30
32
38
49
58  ?
65
68
76
125
151
168
171
187
205
242
290
344
345
383
392

Random

138
380

Matrix

36
37
48  ?
54
59
73  ?
74
79

