Import

1
3
4
5
7
8
10
11
12
13
15
17
18
20
22
23
26
27
28
29
31
32
33
34
35
36
37
38
39
40
41
42
43
44
45
46
47
48
49
50
51
52
53
54
55
56
57
59
60
62
64
65
66
67
68
69
70
71
72
74
75
76
77
78
79
80
81
82
84
85
88
90
91
96
98
101
104
108
110
111
112
113
116
117
121
122
124
125
133
138
139
142
146
152
153
155
162
168
171
173
189
198
202
204
205
207
209
210
213
216
217
219
221
225
226
227
228
230
231
232
235
236
238
242
257
261
263
264
268
274
277
279
283
287
289
290
299
300
309
322
323
337
338
347
350
355
367
374
375
376
377
380
389