1  
2
3
4
5
6
7
8
9
10
11
12
13
14
15
16
17
18
19
20
21
22
23
24
25
26
27
28
29
30
31
32
33
34
35
36
37
38
39
40
41
42
43
44
45
46
47
48
49
50
51
52
53
54
55
56
57
58
59
60
61
62
63
64
65
66
67
68
69
70
71
72
73
74
75
76
77
78
79
80
81
82
83
84
85
86
88
89
90
91
92
93
94
95
96
98
100
101
102
103
104
105
106
107
108
109
110
111
112
113
114
116
117
118
119
120
121
122
124
125
129
133
136
138
139
141
142
143
144
145
146
147
148
151
152
153
155
160
162
165
166
167
168
169
171
172
173
175
176
177
178
180
181
182
183
184
185
187
189
196
197
198
199
202
203
204
205
206
207
209
210
213
216
217
219
221
222
225
226
227
228
229
230
231
232
234
235
236
237
238
242
257
258
261
262
263
264
268
274
277
279
283
287
289
290
299
300
303
304
309
310
313
319
322
323
326
328
332
337
338
343
344
345
347
349
350
355
357
367
368
372
374
375
376
377
380
383
389
392
399
400
404
409
413
414
415
416
423
434
437
438
441
442
444
445
447
448
449
450
451
453
454
459
462
463
464
467
468
474
485
486
494
495
500
520
595
596
601
620
626
627
684
743
785
802
841
959
997
1042
1043
1135
1161
1267
1306